381.59
202.79
329.99
242.27
387.74
187.79
331.04
293.29
284.29
298.57
217.29
187.29
213.67
299.42
220.57
330.34
310.09
186.39
319.59
240.59
340.07
134.69
285.79
207.07
368.45
318.04
299.29
229.07
273.79
312.59
314.57
326.57
325.07
275.79
216.07
220.57
333.57
141.89
235.09
379.33
137.69
330.06
273.92
190.59
136.49
183.48
322.09
266.79
188.19
295.07
305.59
208.09
256.28
310.59
208.59
343.57
321.09
318.07
134.09
365.31
139.49
262.07
241.57
268.28
312.59
201.59
303.57
242.09
321.59
323.59
296.57
227.22
146.69
330.34
222.07
223.59
199.29
340.07
331.07
202.27
223.07
222.57
224.07
202.29
232.48
316.59
276.29
235.07
268.60
300.57
325.43
305.57
221.09
221.29
317.07
182.19
345.82
343.42
197.09
322.57
905.00
1380.58
1014.56
1590.12
1317.45
747.49
1307.64
1452.96
953.32
1294.96
863.04
1355.60
1424.79
1485.32
1458.45
1243.63
847.23
853.58
1218.18
877.14
1570.45
1520.51
966.83
1288.12
887.93
1446.14
825.31
579.22
740.77
788.65
1345.17
1095.96
1174.92
777.17
1295.98
756.10
1056.86
1384.39
1335.79
982.47
857.65
1120.07
1182.05
816.30
1170.00
1303.62
1449.16
1412.56
972.70
1340.97
934.87
1400.66
1138.53
1365.14
1169.72
998.80
1311.61
1193.70
774.04
852.81
1258.98
588.13
1254.26
1053.42
1354.68
1370.55
811.29
572.57
1575.46
405.16
729.17
1049.05
1004.60
1088.72
1165.30
1376.77
1421.43
916.28
752.20
883.94
1396.26
1231.97
1020.67
1582.76
1185.94
991.66
913.00
974.18
959.73
1365.85
1385.26
1239.57
1041.56
668.13
583.44
1264.88
1132.31
636.80
648.40
1035.47
1842.32
1468.77
1584.02
1162.25
1347.06
1853.41
1262.69
1009.34
1068.95
1611.26
1446.04
1315.96
1418.09
1203.07
1777.43
1554.78
1539.88
1230.14
1569.99
1502.18
986.40
1444.83
1896.65
1770.84
1635.76
631.76
1389.61
1686.65
1123.48
1646.93
696.76
1540.45
1101.43
817.12
1077.03
1802.65
1127.48
1598.99
1515.68
1389.72
1251.09
1344.22
848.59
1568.34
1520.23
1665.58
1663.34
1909.91
1501.24
1677.18
1280.89
1052.27
1637.37
1477.54
1829.82
1208.67
1380.98
986.01
1528.35
1321.58
1391.26
926.67
1746.94
1232.01
1572.73
1621.01
1635.57
1415.65
1491.52
1771.71
1585.29
1707.70
1510.31
1176.43
904.82
1093.02
1751.57
1393.57
1519.88
977.23
1772.62
1221.02
1479.28
1823.46
1569.14
1631.10
1838.88
668.20
1755.69
1117.89
1659.57
1686.91
1770.60
1864.36
1148.85
1325.86
1087.13
1275.12
1630.10
1718.38
1439.86
1101.80
1248.79
977.73
1235.10
809.70
978.55
1325.78
1342.18
1530.75
1080.31
1190.84
1216.29
1130.47
1135.02
913.44
1175.88
803.81
1090.24
1015.26
1513.61
880.11
968.94
1380.58
1440.43
1088.24
1348.48
1511.15
1050.41
1136.46
556.94
646.70
773.51
1749.71
1256.10
918.00
940.54
550.27
1107.61
1201.06
701.96
853.39
1239.46
1429.20
962.64
1162.30
1351.24
592.60
1009.31
1273.60
1596.76
1205.07
790.53
1268.37
796.40
848.87
1253.39
1241.08
731.85
808.64
910.58
1084.19
1713.05
1294.00
576.00
1551.56
1439.60
989.16
795.21
1102.68
1168.21
1064.12
1248.47
1297.35
1200.64
1209.99
1273.38
754.26
860.92
1380.26
909.74
1134.24
1235.07
714.01
1323.19
955.72
1744.50
491.73
1072.56
1363.97
820.20
1121.74
895.47
1238.97
1641.49
1310.39
1361.40
906.16
1292.68
1532.18
748.77
433.04
685.65
843.61
618.54
427.29
614.12
778.37
534.53
739.75
549.62
694.19
599.72
900.13
589.06
484.57
974.67
525.04
925.76
432.49
831.42
429.34
709.42
764.21
571.07
597.47
872.41
550.50
353.90
943.40
366.55
618.44
627.11
768.85
500.45
979.17
764.17
636.04
590.42
665.79
920.03
702.27
582.77
364.79
476.72
897.80
478.92
506.72
880.32
596.34
464.14
513.41
597.88
861.72
1131.36
910.64
1023.87
750.50
726.93
928.05
950.93
897.96
968.63
1010.63
1189.54
773.67
997.37
1112.14
1155.65
651.96
659.76
1087.61
1153.66
1128.28
926.92
968.45
1092.47
1142.07
1026.99
698.56
549.08
887.24
524.67
600.20
915.05
823.90
1186.26
1025.27
763.75
1194.92
822.28
550.13
733.52
814.83
676.38
651.23
1081.94
1049.35
939.45
776.74
1043.47
1010.33
736.61
551.11
1056.70
343.64
945.07
736.31
1008.53
627.30
969.26
728.63
781.86
780.72
601.62
969.84
699.77
1143.99
982.63
737.30
1064.85
866.51
1207.58
778.07
813.37
789.52
710.23
881.32
1029.78
719.82
802.57
1054.32
898.95
779.77
530.77
884.85
1182.49
587.81
1148.09
715.76
917.25
1042.47
1021.04
376.46
737.66
766.03
1168.80
1097.90
686.74
923.64
1289.71
1089.01
1195.93
1288.57
1080.19
566.62
793.31
969.72
1095.63
1230.81
927.08
1199.67
1065.52
865.31
1248.04
773.83
845.41
722.64
1044.34
1251.63
745.54
682.72
1007.26
1353.56
1205.86
774.72
1285.73
785.60
1199.72
700.60
720.59
1094.58
738.16
733.37
894.97
1286.94
1248.25
1077.90
1005.67
1208.50
1321.33
1044.65
1136.05
1359.36
810.54
628.38
1211.61
1194.49
912.76
1125.38
1284.65
918.74
1380.31
1175.77
697.42
1241.34
991.74
655.53
882.01
1290.52
1063.62
1141.56
1033.42
1329.47
1234.36
1039.18
992.66
1165.80
1327.48
792.26
1357.35
519.26
1155.73
593.46
920.16
1160.01
1256.65
891.95
1342.31
950.30
927.20
558.12
828.13
1300.98
1026.47
862.44
1376.13
1183.94
745.24
1408.65
557.14
1170.03
895.99
1084.36
1112.88
1029.96
780.87
1183.88
1216.04
928.80
1595.40
1853.15
1757.39
1610.72
1839.55
1824.78
1706.16
1980.58
1833.34
1947.04
1892.25
1946.20
1653.46
1988.76
1794.04
1768.61
1728.48
1711.86
1708.09
1850.62
1692.04
1676.38
1797.58
1931.22
1683.40
1872.42
1837.05
1826.97
1742.49
1915.71
1766.63
1682.53
1945.08
1970.81
1875.23
1775.80
1753.74
1789.00
1998.69
1743.25
1659.98
1787.49
1950.12
1647.76
1668.95
1826.96
1784.45
1775.36
1936.20
1884.04
1777.75
1840.85
1776.66
1885.57
1811.78
1722.22
1916.68
1755.35
1822.07
1756.41
1869.36
1901.52
1861.00
1703.08
1937.60
1866.20
1961.20
1812.30
1966.15
1759.50
1922.40
1846.36
1888.77
1981.71
1803.03
1846.63
1735.89
1892.40
1775.45
1809.88
1773.33
1650.59
1690.18
1863.63
994.66
1599.36
1870.82
1685.01
1802.06
1882.49
1098.67
1906.96
1794.06
1687.64
1740.24
1706.96
1892.10
1815.30
1082.87
1710.36
1309.86
1239.65
876.01
1839.46
1298.41
813.27
1286.80
1472.86
828.38
1329.28
1896.76
1472.43
1672.93
1586.42
1436.12
1927.76
1547.84
1830.19
1887.63
1560.07
1329.43
1962.58
1585.62
1702.64
1541.43
1310.01
1416.03
905.62
1795.59
1574.25
1765.97
1452.16
1675.00
1025.95
1440.43
1897.78
663.57
1736.35
1422.25
422.93
1820.80
1663.80
1248.89
765.12
1210.92
1583.66
2072.66
652.57
1584.50
1431.21
788.11
1365.88
1339.79
1850.71
1471.37
1114.10
1423.72
1914.40
1159.23
2143.90
1354.35
1089.23
777.96
321.57
1413.96
1077.74
1345.90
1975.14
1317.92
845.70
1530.92
1286.64
1352.25
476.81
1408.25
1518.73
1573.00
1624.80
853.17
1394.65
1164.19
1065.50
1412.74
1701.68
856.42
1631.17
1355.57
1499.05
1076.72
1775.00
1822.24
1056.18
1447.95
1295.13
1394.05
1702.79
1900.48
1227.79
1054.36
1166.91
1489.05
1890.46
1610.39
1819.24
2072.84
1716.75
2003.71
1802.27
1252.56
1630.80
1294.96
1069.43
913.27
1381.59
1388.07
1372.65
1557.35
1374.15
1321.93
1582.54
974.85
1545.10
1724.45
1351.29
1027.29
1800.85
985.56
1603.72
1476.83
1719.01
602.53
1396.95
1390.57
974.55
963.13
1399.17
1168.12
1161.02
1714.12
1192.98
912.90
1237.92
846.12
1715.15
1230.14
1907.33
1829.01
1256.66
1062.53
1585.63
1585.56
1444.60
1744.00
1812.53
1516.62
687.05
1498.23
873.51
1429.64
1686.66
1862.17
638.59
891.86
1293.60
1483.30
1226.92
867.15
1563.18
1458.53
1773.77
1749.31
2078.94
1168.27
1829.66
1146.73
1317.61
1643.08
2134.33
1751.28
1753.52
1101.36
1971.76
1778.75
1478.29
1597.77
1439.92
678.27
912.53
909.55
1511.90
1979.48
1692.64
1258.73
1281.74
1197.10
1524.99
1673.52
1672.88
1176.20
1528.08
1420.19
1278.85
1849.59
1548.91
1179.71
1595.21
1430.72
1506.81
1553.88
1980.61
1434.53
1572.43
1882.90
1395.02
1798.75
1957.28
1738.85
1941.50
1450.07
1153.47
1013.76
2010.02
1954.59
1815.28
1139.30
1693.73
1107.78
718.89
1371.57
1617.25
1175.88
1203.92
1372.81
1691.83
1962.34
1498.14
1672.59
1928.67
2022.12
1627.11
1514.42
1497.04
1747.72
1368.09
1979.88
1544.26
1188.06
1824.51
1830.28
2048.39
830.22
930.94
1892.18
1575.49
1546.37
2116.06
1490.97
2057.50
1371.69
2000.08
1184.98
1697.62
924.97
1514.20
1708.96
944.82
1208.64
1505.71
971.29
1768.84
1542.91
840.84
1413.75
1852.10
662.60
1301.46
1665.28
2045.54
1654.35
1315.25
924.83
1103.04
1032.74
1314.48
1367.57
1038.76
1080.27
1084.18
1233.89
1719.20
1479.74
956.81
1144.49
1270.01
1173.79
1404.43
702.86
1359.40
1270.18
1714.87
770.49
1434.80
1013.11
2119.27
1359.00
1423.68
1703.01
1779.95
662.62
1779.48
1736.96
1176.90
826.99
1648.91
1533.75
1211.05
1520.39
1542.52
1676.31
1452.62
676.65
1551.93
948.30
1431.18
1217.08
1539.59
1276.80
1589.67
1658.97
1099.63
1341.73
1185.33
1569.05
1399.15
1444.17
893.64
1195.82
1878.34
1639.32
1044.28
1881.98
1297.99
1031.37
1528.84
1309.19
1415.35
536.42
995.52
1853.39
1586.48
1152.53
1139.76
1692.58
1326.84
1497.79
1743.62
1601.76
1303.25
984.29
1795.57
1626.81
1560.98
1953.84
1542.70
1455.03
1549.51
1702.38
930.73
1712.40
1519.60
1440.32
1437.43
2006.02
950.05
1709.81
1351.09
2071.85
1840.18
1527.62
1546.48
1405.20
2041.20
1506.69
1129.51
1141.51
1308.29
1321.85
1335.65
1604.68
1787.65
1324.84
1130.24
1121.44
1150.80
1353.34
1285.88
1605.18
1660.61
1669.08
1054.03
1654.32
1527.38
462.47
2041.49
1286.99
1647.39
1660.85
1718.09
1705.79
1039.22
790.13
1256.18
880.67
1662.55
1088.27
1778.53
542.13
1362.69
1597.75
1513.66
1466.23
1493.95
1353.00
1716.69
1153.48
1592.83
1529.78
1427.64
1829.88
1823.16
584.15
1627.51
754.90
1482.56
1247.69
1634.08
1008.33
1419.82
1391.06
1013.84
1681.69
881.00
1437.72
1522.21
1622.42
2003.39
1767.08
1343.51
1265.73
1057.94
1666.81
1243.84
1528.39
1476.16
1043.31
1081.64
1411.80
1079.36
1892.96
1190.20
1784.16
822.31
1763.73
1314.99
1979.94
1680.27
547.23
865.69
1755.73
670.94
1187.29
1498.88
1368.96
1624.16
1390.18
1903.32
1344.84
1599.63
804.87
1396.65
1297.84
1223.45
1424.20
1499.61
1480.99
678.20
923.98
826.51
1416.28
1487.96
1016.11
1347.32
873.49
1176.48
1212.25
1543.76
1744.87
1938.32
1984.68
1334.30
1850.26
1712.42
1190.77
1252.11
972.58
1115.87
1480.08
1316.00
1890.49
1765.95
1477.40
643.27
1482.50
1201.75
1665.68
1688.17
1776.48
1404.45
1634.62
1009.99
1515.44
1302.82
1200.37
1552.01
1269.40
1646.18
1758.09
1036.55
1391.07
1404.81
909.55
1603.23
1209.37
888.83
1602.12
1335.37
1850.20
1280.76
539.47
1064.87
1405.82
1944.49
1797.36
1733.10
1328.93
966.14
1723.62
1677.86
1299.87
1273.79
1750.24
1285.09
1578.87
1327.11
1583.04
2058.87
2040.59
1772.73
1240.70
958.54
915.21
1259.41
1427.02
982.10
1811.28
1462.86
984.93
1578.75
1630.44
1371.66
1210.12
918.82
1377.43
1132.39
666.22
1409.03
1083.84
1317.18
1208.77
1195.05
1633.10
1123.29
1390.69
1333.23
1176.40
1424.76
1673.25
774.94
1624.03
1073.72
869.91
1266.70
1074.39
1307.61
1198.69
1617.92
1300.04
1424.36
1202.24
1766.80
993.46
1522.76
1253.53
1572.28
2142.72
1820.30
1650.12
1144.90
679.00
1593.37
1530.53
1315.81
1234.93
1719.47
1693.21
1404.37
1355.97
1363.35
1222.04
1854.13
1844.19
1988.97
1275.72
1365.45
1537.14
1407.09
1493.55
999.01
2014.80
1252.90
1569.91
1299.72
973.33
1569.09
1701.13
1263.46
1749.78
1352.15
1441.51
663.27
1326.31
1934.50
1452.11
1587.74
1927.65
1603.87
1304.01
1727.30
1310.52
1496.58
1323.85
1480.67
1463.10
1797.68
947.37
825.11
1654.63
1340.28
1360.69
408.62
1276.91
909.21
1074.53
1670.09
1087.08
1495.62
1741.46
1732.63
1275.77
1811.83
1420.56
1107.44
1511.48
1797.50
1360.19
1520.53
840.62
1174.83
994.04
1517.32
1381.13
1225.92
1265.49
1607.59
1523.68
1175.46
1530.23
1332.50
1548.97
1612.80
1037.22
1789.56
1376.17
1913.85
1015.45
1838.53
1503.39
2156.62
1275.43
1125.61
1868.04
1626.27
1362.34
999.80
1336.40
1907.00
1493.66
1765.09
1344.32
707.33
1752.82
1118.12
1133.99
1491.61
1980.40
1254.31
1308.10
1490.94
1251.50
771.95
1375.05
1309.34
1313.36
1451.20
1128.82
1086.05
1355.32
1388.53
1503.55
1526.45
1985.97
1512.64
1137.39
1149.70
1378.00
1600.72
1480.72
1387.42
1453.81
665.10
1223.29
922.05
954.08
1247.02
1697.27
1599.50
1721.92
1310.10
1508.07
719.31
1380.80
1732.40
1046.48
1872.69
1302.69
1667.39
744.58
699.82
1341.38
1184.67
1935.89
1241.35
2038.82
1545.59
1235.66
1625.91
1274.77
999.42
1975.74
1552.42
632.53
1147.16
864.16
1104.45
1086.12
1312.51
1390.80
1389.21
1763.82
871.86
946.13
939.55
1503.31
1015.81
1510.29
1037.25
2083.46
1548.75
293.09
1503.00
1056.53
752.27
1218.52
1264.67
1028.72
1756.30
1063.29
1662.65
1012.60
649.43
1288.63
1239.03
1590.05
1374.04
1203.77
1730.83
431.60
548.53
1827.04
1624.60
658.04
900.12
1123.30
1263.02
1356.80
1379.67
1788.08
498.63
1421.91
974.07
1560.28
1472.55
1621.42
1477.64
1566.19
1786.93
1398.13
1884.31
1244.89
1562.39
894.62
1505.94
1468.38
959.25
1595.84
1732.72
1442.40
1685.13
1514.32
1665.87
1364.87
1013.96
1314.32
1321.77
993.73
1691.06
1595.19
1518.09
1417.35
2065.51
1982.40
1915.70
578.16
1073.48
1303.45
2051.92
1438.34
1114.84
1440.55
1073.33
1815.41
1720.29
1823.20
1660.73
1586.76
1091.80
2126.83
1743.28
363.47
1314.31
998.13
1381.77
1509.78
1369.15
1420.77
1628.17
1342.03
1769.47
1449.51
1056.46
684.64
1582.20
979.75
1340.38
1498.76
1154.35
623.66
952.69
1307.90
1156.60
1471.56
1125.35
1841.80
1508.70
856.76
1424.41
1321.09
1391.11
1354.87
1287.81
1787.28
1478.73
1821.74
2052.02
1792.55
1578.81
1166.93
1258.92
1308.16
1303.78
1624.24
1692.00
747.26
1766.01
1748.16
1769.57
1701.27
1327.12
1234.88
1327.39
1251.67
1622.01
897.57
333.75
1181.56
640.64
1090.77
1067.34
1121.52
795.63
762.89
1505.70
1354.40
588.31
1271.71
1714.46
926.03
1617.85
1725.53
1530.75
1750.14
446.13
1392.30
1546.09
1062.41
1358.87
1241.01
1200.40
1825.32
764.69
1433.41
843.68
1956.56
1146.52
1830.49
927.82
1195.58
1340.49
1490.99
849.46
1223.71
781.17
1371.17
1689.33
1955.35
925.61
1719.66
882.63
1204.08
1157.41
1133.46
1697.66
1355.62
1451.18
1592.53
1039.04
563.55
1367.89
1713.65
1674.43
1136.18
1938.29
2045.82
1560.55
1106.59
1407.27
1538.23
1025.49
1545.65
1328.45
1582.09
1302.28
1432.19
1449.46
1616.55
1424.69
1776.84
1609.53
1624.86
1308.95
1150.48
1452.88
1928.96
1028.10
1582.29
1212.80
955.84
1501.56
1518.80
1756.49
1146.65
1087.81
1310.72
1184.01
2004.02
1304.22
2031.91
656.04
1460.97
1411.28
1413.94
1423.36
1745.84
1824.25
1464.28
1149.43
1261.92
1774.01
1815.87
804.22
1939.50
678.37
930.51
1651.73
993.27
1498.67
624.19
2002.61
1489.31
1954.86
1919.17
1371.23
1658.32
1533.58
1937.68
1682.62
1335.66
1032.60
797.33
1431.03
984.54
1593.05
1475.10
1433.47
1958.98
1561.12
1628.87
1414.60
1245.71
1820.50
1708.13
1846.87
674.72
966.66
967.50
1463.91
1895.97
1751.06
1374.25
1727.82
1492.92
1341.48
1518.06
1623.32
1493.56
1801.59
923.48
1275.66
1111.76
1727.37
799.31
1641.13
772.74
1354.22
992.46
1155.36
1051.38
1211.74
489.99
1276.77
1277.82
1607.40
1156.24
883.15
1120.11
1617.09
552.29
908.82
1557.75
1720.00
1311.70
1555.85
1593.24
1764.02
1550.52
1546.32
1592.45
1309.95
1646.74
1500.92
1310.58
930.88
998.24
1204.53
1371.95
631.34
1418.30
1735.53
1701.96
1333.07
1607.51
989.15
1693.44
1995.79
1252.79
1244.74
1888.60
1165.03
1210.22
1295.55
1565.00
1051.87
1135.56
1987.44
1694.77
2002.57
1501.07
1583.75
1867.44
1579.86
1961.59
1526.62
1675.24
1616.01
1236.63
1800.58
1359.21
1499.68
1387.80
1375.30
1574.75
1404.75
789.14
724.00
1708.08
1623.34
1086.20
1044.19
1074.02
1356.97
1319.18
715.87
620.63
1431.44
1752.03
1608.08
1391.38
2130.40
1864.62
1833.65
1289.79
1444.45
868.75
1201.64
1169.10
1928.42
828.04
1567.20
1029.30
1514.97
1107.97
1278.86
1488.81
1092.73
1524.15
1686.73
775.29
1317.64
1210.90
1506.49
1560.03
1416.24
644.96
1346.07
1547.17
261.92
738.49
1766.34
1405.86
1041.80
1126.08
1799.07
899.50
780.56
1742.59
1623.76
1646.65
1687.30
2060.17
1252.52
1555.39
1238.01
1876.63
1639.26
1566.32
1544.55
1871.05
711.02
1577.92
1167.40
1544.66
1493.32
780.82
1321.01
1500.24
1402.73
924.18
1433.18
1888.75
1462.77
916.29
1373.09
1308.70
1600.15
1804.96
1747.19
672.89
280.22
1002.77
1654.73
1703.74
1096.56
1450.16
1462.85
1937.60
1844.53
1659.91
813.27
1760.31
1669.64
1464.81
1708.40
1771.58
1231.12
1857.04
1239.28
1131.27
1350.76
1121.31
1621.99
1427.20
1796.60
1112.84
1542.69
572.29
1783.42
1431.74
1314.06
562.81
905.40
1686.15
1596.71
1755.76
927.89
1825.51
1294.72
996.43
1752.00
1374.41
1207.76
878.60
1220.42
1863.91
1885.47
1241.17
803.62
824.04
1099.02
1067.98
1724.00
1056.69
1493.96
1342.08
1319.56
1514.54
1675.74
1012.99
1215.60
1870.45
1650.95
579.81
2042.45
1575.51
1808.91
1903.18
1022.94
1182.20
770.15
1565.20
1761.55
932.29
1185.93
1705.75
651.14
1101.89
925.61
1591.28
1489.06
1796.02
1020.21
1103.74
1236.52
1365.81
1786.96
883.83
1763.01
1275.86
1466.50
465.97
1537.16
1506.25
1711.61
1710.83
872.42
1538.41
868.85
1735.52
1447.14
1570.92
1728.36
647.76
1124.94
904.32
1141.86
1310.47
1433.01
1591.47
1379.37
1443.49
1324.27
1353.04
1282.18
1423.60
1758.01
1099.47
1730.25
1514.79
1743.55
1365.44
965.78
1347.26
1953.73
1666.79
806.57
1473.17
1606.57
1852.51
1463.17
1676.39
1616.29
1300.82
1345.51
1608.01
1817.43
1072.58
1377.74
1053.42
1815.53
1683.05
548.31
1423.33
1894.24
1974.42
1269.89
1215.47
845.37
1245.11
1886.25
1153.72
1618.08
1319.26
912.95
1293.90
1545.89
1161.04
1604.26
1217.16
314.44
1027.51
1682.18
1860.97
1603.59
1497.35
1924.71
1120.10
1561.49
1651.69
1617.30
1310.46
1344.23
1308.79
1727.15
1079.01
1520.44
1411.55
1156.72
1021.62
610.60
1714.14
1050.61
1544.65
1028.16
1129.62
1432.26
1551.44
1068.15
1343.05
1851.37
906.65
2060.29
1201.87
910.81
1484.90
994.96
1712.11
2017.53
1018.15
1869.79
1839.20
1771.93
895.55
784.82
1085.17
1558.49
1608.40
793.08
1790.12
1865.13
1293.95
1597.56
925.43
910.02
1603.51
652.51
344.37
1174.51
1727.37
1681.80
1629.15
2001.75
1640.27
1746.13
1688.95
1340.40
1437.04
1736.28
1059.44
1293.97
1426.06
1776.94
1299.19
1761.35
1167.74
1586.48
1435.13
1390.91
1386.82
1047.49
2046.29
1140.78
1580.02
2095.88
777.10
1681.58
292.47
2006.50
1109.97
1675.52
1557.93
1016.19
1665.72
1993.54
1527.96
1513.52
869.20
1493.92
1631.51
1481.49
1308.89
1923.37
1083.00
1708.87
1566.63
954.37
386.52
1759.61
675.38
272.44
1362.66
1013.13
1784.69
1711.48
1522.23
1902.39
1504.24
1313.75
1426.94
1165.43
995.79
1580.06
1157.60
1469.60
1180.94
1440.41
1622.58
1727.43
1635.86
897.78
686.27
1425.03
1678.17
1041.50
698.52
1219.35
999.07
1400.40
1147.12
1642.67
1479.32
1624.13
921.12
1696.80
912.38
1875.21
1745.72
1536.08
1157.20
1368.66
768.10
1840.24
1266.29
996.35
1603.01
999.12
854.15
767.20
927.07
488.36
1993.15
1854.56
1496.61
1401.41
1251.31
913.87
1491.88
1598.17
1087.56
808.93
1536.21
1534.96
529.15
1333.17
973.56
1066.67
1226.78
1757.95
870.23
740.81
1202.72
2042.52
1446.96
1697.09
1889.25
1157.33
1466.17
1902.71
1186.93
891.06
1144.45
1750.14
1360.86
1583.11
1119.24
1647.46
1705.28
1661.30
1051.54
1973.78
1716.98
1388.75
1761.97
1498.09
978.16
1712.61
1374.78
1213.57
1500.82
1701.71
1338.10
673.91
1360.14
863.22
1005.04
491.30
1547.47
1846.64
1642.29
1197.43
1308.64
1762.78
1935.97
1608.63
1171.24
1325.64
861.34
2021.24
1681.58
1258.05
1770.17
1172.82
1638.00
1798.35
1501.68
878.80
786.63
1389.83
2048.85
1491.14
1281.23
734.33
1222.46
1260.32
2002.37
1407.53
1735.52
1420.97
869.41
1780.11
1400.38
1516.52
1026.68
1465.20
1119.70
1092.60
1396.02
1519.73
1454.38
1389.42
1799.21
1080.66
936.41
1085.33
1693.71
1684.70
1669.34
1265.94
981.49
1307.33
781.27
1736.74
1043.92
1796.82
1026.87
1546.16
773.22
1466.36
1117.22
905.50
338.27
1695.80
1800.44
858.21
1314.64
1924.11
2022.47
1367.36
1934.97
1386.37
1548.94
1626.64
1443.53
1930.93
1147.18
723.99
1929.05
1522.63
1528.56
1647.84
2066.03
1369.33
1505.00
1606.78
1431.72
1087.39
1290.80
1279.82
1588.98
1317.79
2088.73
1401.22
1484.04
1658.25
1722.18
1024.62
2025.55
1029.44
1424.10
1345.96
1605.79
1981.38
702.91
1300.77
1166.35
2153.96
1685.10
942.26
1782.84
1649.06
1616.32
1592.62
935.34
877.53
1606.77
554.44
2141.95
1979.76
2043.63
1763.51
1473.66
1439.54
1442.05
1910.37
532.77
1704.76
1277.06
1101.14
1997.58
1219.59
1403.13
1532.89
1703.63
1488.33
1427.35
1459.72
1407.50
1787.66
944.08
1208.78
1266.72
1331.16
727.36
864.30
908.14
1556.12
725.64
1486.77
989.33
1450.86
1835.85
1797.11
1419.71
1874.47
1438.82
1379.95
1544.63
1843.09
1075.67
696.23
1166.98
1654.31
1642.88
1816.07
1990.31
834.65
861.26
1801.53
1204.49
1928.02
931.64
2070.36
1058.47
1615.84
1438.25
979.26
1289.23
1529.50
2026.78
1360.05
1926.28
1406.08
1497.08
1515.88
1622.10
2016.06
1619.93
1480.43
1123.01
2001.84
1122.11
843.43
1517.08
1172.41
1378.52
1014.49
1234.58
1268.85
1649.03
1460.26
1779.25
1372.96
1313.35
1465.72
538.68
1442.69
1386.57
2044.44
1934.97
809.42
616.40
1466.03
1962.34
1005.86
1887.41
794.48
1207.53
1277.26
962.94
1935.90
1402.13
992.24
1697.99
1057.75
1388.01
931.90
913.19
1513.62
1511.43
1979.04
1378.20
1655.18
1679.66
937.31
1748.64
1769.03
1399.56
1809.39
684.87
1787.26
1363.02
1793.09
528.39
822.94
2033.09
1803.46
1425.86
764.58
1413.90
1998.27
1676.58
1451.47
1502.72
1737.68
1208.00
1675.54
1645.78
1481.45
1045.90
1302.64
819.86
1606.42
1842.58
1493.91
1740.99
1994.26
2037.15
1426.40
1656.80
938.31
1108.18
1404.28
753.84
1457.99
1303.89
1897.48
1083.56
1676.76
1654.34
1588.13
1560.74
1349.36
1859.70
322.42
1019.55
623.53
1272.26
900.72
2023.67
978.31
1852.09
1565.33
1163.68
1197.10
494.44
1062.72
1667.05
1423.03
1706.50
979.66
1011.05
1382.44
1303.12
1459.89
1116.56
987.06
1587.92
1591.16
1790.97
1078.76
1195.91
503.22
897.00
1652.30
1405.51
1628.47
1391.62
1623.35
1378.18
1875.96
1299.51
1276.95
1765.14
1563.28
1582.70
671.29
1366.03
1727.50
438.43
1917.46
1743.12
1196.13
1412.69
1122.57
1648.92
1255.19
1490.48
1495.16
1332.34
786.35
1786.46
1586.32
1633.33
893.03
1178.10
1720.43
567.09
1588.63
1762.46
1077.54
1288.89
1782.07
1526.03
924.31
1853.26
1376.01
1186.64
1262.63
1830.21
1111.78
1194.15
2042.92
1607.42
1199.19
1690.47
1719.05
1424.83
1058.40
1619.94
1099.20
644.03
1294.62
1292.54
776.75
1662.55
480.98
1526.31
1244.07
1652.30
1706.28
1734.30
1478.03
1503.55
742.89
761.48
1585.80
1847.91
1382.93
1618.59
1717.77
808.72
1358.15
1522.33
1226.75
1485.01
411.59
2008.08
1267.42
1124.50
856.43
617.12
1978.34
1238.30
1288.03
1848.47
1922.67
1205.82
1609.18
1396.91
1044.67
1701.66
1472.90
1579.79
1611.69
1368.96
1916.68
1410.50
1678.76
1174.91
1040.12
1772.64
1645.10
1478.77
1050.88
1940.63
1218.83
1671.47
1607.50
1532.45
1490.78
1211.18
1417.12
1212.99
2101.82
1155.12
1866.24
1537.91
1621.57
1900.67
1186.03
1219.30
1520.68
1494.51
1487.18
990.84
1211.10
1495.10
1407.71
1849.86
1583.59
1227.79
1055.73
1079.83
997.02
2045.67
1546.68
1168.37
1956.08
1472.90
1587.67
2122.71
1755.72
1569.16
1622.56
1623.84
1095.90
654.57
1468.12
1877.76
1819.86
1654.04
2017.91
1611.98
1821.12
1066.53
1009.03
1312.94
1714.52
1480.02
1560.51
1212.89
1528.46
1566.60
869.73
2044.01
1400.90
2002.45
1928.34
1148.82
769.81
1482.33
1928.93
1669.62
1543.06
1104.19
1921.89
1852.51
1712.45
1446.05
1570.97
1997.12
534.48
876.65
1391.56
983.09
1479.68
1260.48
1893.02
1169.46
1122.87
1337.56
1103.41
1610.98
1529.76
1530.46
1197.62
1551.80
929.80
1403.70
993.85
1993.88
1349.67
1392.40
1194.99
1313.20
1706.18
1201.92
1294.65
709.99
1090.12
1476.23
889.38
1495.60
1626.71
1410.63
1934.29
1845.44
1722.72
1611.11
1748.10
1469.30
1774.16
1511.43
1642.49
1929.90
2147.95
1404.80
1717.51
1504.73
1569.80
2004.29
1237.82
1121.21
1942.63
1675.88
1422.28
1068.36
1470.69
2022.15
1550.66
1774.16
832.02
1935.64
880.93
1629.03
586.90
1151.82
1567.64
947.97
1356.12
1012.00
1904.19
1864.22
1625.34
1020.25
1112.58
1337.61
2183.84
1702.12
1349.26
1669.93
1481.90
1002.17
1580.13
1297.88
1481.32
1129.60
1490.09
1907.16
1782.23
1837.19
1436.11
934.12
1894.59
1176.40
1759.57
1284.69
1745.04
1042.90
940.77
1138.27
1554.03
1323.23
1592.92
1014.28
1510.75
1652.05
1546.56
2018.44
1751.16
637.80
1330.64
1112.13
1363.15
1885.36
1055.58
1644.65
1693.55
1072.49
1240.51
2012.15
1941.34
1474.47
1478.80
513.10
1045.15
1382.46
1526.73
1417.76
1499.38
1612.55
1535.46
1458.17
1585.37
648.52
1645.06
1880.91
1864.95
1777.77
1850.05
1487.24
1052.63
1071.43
1675.62
957.44
1375.68
1416.94
1633.78
956.56
1713.57
1775.00
1092.48
1070.31
1022.93
1185.25
1685.26
1267.15
1840.21
1894.32
1615.89
1141.51
1428.06
1086.69
1301.40
1580.98
1235.68
1641.47
1449.72
1146.93
1002.13
1468.06
768.75
1782.02
1290.58
1210.71
1644.32
1295.42
763.85
1108.85
1506.76
975.55
720.76
971.47
547.71
1247.37
1843.05
651.14
1571.55
1656.66
1583.27
1536.68
1707.84
1724.43
912.80
1410.12
1900.31
1373.90
1692.96
1370.05
1450.00
1574.75
1189.12
1242.79
1178.83
1558.71
1587.85
1505.82
1230.82
1724.95
878.88
1105.63
1161.13
1718.44
1054.19
1245.25
998.51
1003.08
1438.83
1037.80
1097.71
451.82
1626.96
778.26
770.31
1900.37
901.96
1831.41
1202.34
1620.42
1760.30
1492.71
984.94
1656.68
1748.78
1912.18
883.99
1149.89
1100.34
1676.49
635.87
1503.18
1704.41
1480.71
1869.46
1201.19
1021.50
1751.56
1546.86
2182.60
1936.50
1493.67
1678.76
1667.27
891.84
1568.15
898.43
1879.08
1040.97
452.52
730.58
1087.57
1576.17
2077.60
1092.64
1317.25
1313.48
817.22
1307.53
1567.18
1528.22
1485.80
2080.13
527.96
1557.65
904.17
1955.87
1063.34
1393.62
1088.39
1821.04
1236.55
1256.33
2017.22
1645.79
1211.60
1767.11
1593.25
1530.05
2048.67
1593.40
1068.88
1448.42
1463.26
1442.89
1190.12
1608.78
1358.74
1566.14
1649.86
1829.46
1678.57
2040.14
1974.73
848.40
1320.85
1728.14
1474.39
551.96
972.30
1145.44
1877.24
1245.68
1365.55
1913.70
1077.37
1536.49
1587.08
1705.39
656.10
975.45
1670.53
1721.20
917.88
1146.27
1976.15
1694.41
1708.90
1758.89
1383.36
440.64
1823.71
1442.89
1118.47
1982.48
1279.28
1180.92
1141.45
1660.85
1668.81
1875.64
1862.54
799.67
1510.87
1184.70
1719.80
1864.54
1484.79
1557.45
1399.96
1578.90
997.15
853.01
1321.69
1471.44
1898.13
999.20
1732.00
1260.83
1320.77
1380.15
1405.74
598.57
1132.21
1898.04
2017.38
1296.86
840.12
1192.05
1394.01
2075.62
933.05
1948.62
1446.78
1915.87
1290.44
1907.35
906.12
1512.48
1356.95
1267.02
1386.83
1036.45
1115.65
1585.85
1182.15
1060.76
1596.64
1488.62
1540.38
1391.99
1378.03
1295.11
2051.38
1545.99
1481.60
1161.15
1081.39
1827.00
1543.45
1493.78
791.52
1364.01
1804.34
1455.03
1872.10
1987.99
878.91
1336.16
1690.93
1648.36
1006.01
1891.04
734.69
1426.30
1598.15
1497.48
1238.19
865.01
1232.31
1576.00
989.37
1533.63
896.74
1459.38
1666.39
1162.18
1354.91
1576.31
1629.59
1592.13
571.80
1241.63
1124.76
1638.13
1688.61
650.45
1167.75
1297.99
1635.81
1869.26
1456.42
1870.59
1831.14
1167.78
1423.40
1761.35
1483.22
1501.91
1408.81
879.97
2060.34
1422.48
1322.92
1376.51
1607.19
1308.87
607.12
1445.63
1821.93
641.41
1407.91
1399.73
1481.92
1394.83
819.72
975.80
1628.44
1642.24
1357.92
1347.38
2059.98
746.16
1735.21
824.03
1442.77
953.75
1173.02
1338.61
917.24
731.03
1443.26
744.95
1716.08
1243.93
1318.41
1765.51
1354.35
1446.55
1606.64
1226.70
1429.49
1402.75
1393.34
1605.79
834.88
876.20
994.05
543.48
2093.75
1700.74
1188.17
1350.35
423.86
1019.42
1345.49
1295.19
1238.10
1945.43
1229.40
1265.38
1374.36
1879.53
1653.81
1627.51
1507.39
1199.14
1863.00
1642.03
1566.22
1473.82
1568.93
626.04
1618.01
1226.05
1141.78
2115.83
1712.24
1824.20
1337.94
1593.01
1079.20
855.05
1766.55
1350.49
1485.94
841.17
1274.63
1630.93
808.10
1519.69
1684.34
1733.32
390.62
1393.82
2108.92
1923.74
907.70
1290.38
1417.86
1735.27
1748.89
1870.41
1338.62
1508.05
724.79
1393.05
1142.57
779.23
1443.09
330.34
1691.98
895.72
963.61
1441.20
1310.89
1794.52
1359.15
1807.40
1772.63
829.27
1880.42
1511.45
1845.03
604.84
803.86
1507.51
1674.84
1527.68
772.06
1821.58
1944.98
1087.15
1134.73
784.55
1552.98
1829.22
1540.01
1933.24
1753.22
1465.03
928.89
1097.17
1656.70
2037.44
1645.62
1986.02
946.01
1512.32
1296.46
2031.79
1347.65
1220.88
1642.74
1282.44
995.83
1728.45
1454.84
1566.81
1716.13
1326.97
1351.54
1366.19
1939.26
752.47
1046.75
1853.41
1703.66
901.56
1428.18
1561.01
1547.64
1674.17
1994.55
1360.91
1078.62
1609.85
1396.77
896.92
951.14
1397.00
1127.09
1312.23
1346.67
1396.42
1886.88
1494.42
1082.33
1578.15
1471.30
1269.32
1453.36
1996.30
1755.18
1490.72
1558.41
1537.10
1922.99
1517.90
1879.99
1821.69
1240.35
1522.50
1427.34
1152.63
1760.62
1739.49
1868.68
1402.85
1683.51
1906.51
804.73
1433.29
818.91
1619.65
1691.15
1663.93
1299.20
929.08
1255.11
1460.60
1462.96
1382.66
1894.39
2077.76
1244.20
1942.02
784.87
1470.45
1080.85
1476.92
1134.01
1082.18
1585.16
1453.03
1255.66
665.84
1463.77
1308.59
1323.20
1819.95
1860.37
1444.48
1821.23
1682.22
1508.44
1368.62
1155.83
1297.36
1351.17
1845.63
898.14
1040.79
1728.84
776.95
1648.66
1561.22
1400.84
1289.76
1795.29
1380.08
2054.43
1922.86
1140.00
1641.00
1110.86
921.88
1436.30
804.62
2018.85
1870.33
1426.69
1371.13
1712.45
445.46
1802.81
1292.37
1278.34
1582.59
1005.96
946.42
1705.08
1069.07
1244.86
1636.02
888.13
1498.93
781.28
578.50
1534.89
1631.55
1334.74
916.27
1607.68
875.27
2041.03
1487.36
1620.86
1637.91
1359.26
1495.31
1004.33
1552.83
1877.45
665.06
899.42
907.67
1613.53
2040.48
1298.28
1940.06
1375.58
1434.70
1919.33
1108.28
1943.53
932.80
1365.34
1383.75
813.47
1831.98
1304.94
1151.10
1873.06
1341.77
1026.39
1812.24
1967.62
1527.88
1599.39
1204.74
1066.08
1218.22
1611.49
1345.97
1928.16
1630.31
1299.80
1201.78
915.03
1802.29
1607.57
1209.72
1497.90
2046.13
2100.41
865.05
1745.68
1570.73
795.44
491.79
1551.06
1297.41
1210.40
1091.47
685.15
1632.07
1623.85
1265.03
1843.65
1489.95
1270.97
1116.94
1459.34
1149.04
1292.60
1464.60
1171.43
1060.10
844.55
1217.82
1771.25
1944.83
1717.48
1953.80
1222.40
1738.00
1464.33
1073.88
1214.70
1926.14
1044.17
1638.22
1438.87
1867.86
1448.97
1270.30
1305.10
1773.46
975.12
809.98
1369.36
1421.86
1176.90
1120.18
1295.03
1317.35
1704.43
1410.23
1322.04
1924.98
1635.28
1601.42
352.45
577.27
1709.89
1643.92
880.61
1802.99
977.08
1228.02
863.45
1489.64
1258.93
2055.00
941.10
1617.05
1395.29
780.62
1798.69
1203.94
591.19
1415.25
1675.45
1681.62
1236.24
1809.17
1417.72
599.81
1882.32
1949.63
1393.29
1871.48
1406.26
2063.25
1191.07
1760.94
944.77
1360.07
946.42
1411.03
1523.42
1406.29
1284.40
1552.76
633.20
962.57
1416.27
1242.80
1726.59
1753.47
1480.92
752.76
1402.30
1266.82
916.53
1609.21
921.65
1408.66
1520.07
1433.82
1394.78
1743.59
1031.51
804.63
1794.62
1452.50
1693.77
1057.91
965.07
1914.20
1230.45
1353.49
1672.81
1643.96
1205.32
463.91
1982.93
1316.15
1731.79
1384.32
1387.98
1161.66
1951.63
1694.42
1764.60
1610.49
1677.27
888.45
1740.91
1497.59
1274.14
1662.47
1948.39
1550.46
1557.53
1690.29
1680.72
977.32
1715.31
1305.03
984.22
974.49
1509.82
1956.99
1135.16
252.84
1645.75
868.14
1595.73
1425.00
1131.03
1452.23
1390.94
1482.00
1123.40
1885.78
1314.52
1135.55
1109.90
1423.69
1532.83
1508.74
403.95
1249.23
1047.68
1895.51
1160.87
1473.17
1316.68
2088.45
1794.27
1203.67
1795.57
1234.56
1111.97
1377.54
1239.22
1402.39
1609.79
1276.72
853.68
1627.35
1285.79
1111.40
1944.25
1174.99
1720.29
1093.45
1463.97
1221.45
1993.95
1582.77
2031.40
1579.35
1555.63
1015.39
899.37
1565.07
886.83
1323.08
1103.96
1130.65
1035.95
1738.58
1706.07
1402.12
1083.92
880.07
1477.69
1996.37
1904.73
833.16
1126.04
1039.41
1538.27
1338.50
1508.55
1620.65
1421.81
595.54
1424.18
1592.02
1391.31
1615.84
1052.73
1760.80
1670.84
1208.55
681.43
2085.44
1056.57
1651.18
1715.09
1334.91
1847.12
1343.65
1646.47
1958.81
350.49
1187.24
594.75
1613.38
726.68
1053.01
1796.81
1817.42
798.44
1344.20
1524.36
1934.37
1868.99
554.34
1563.48
1039.81
2077.00
1092.68
1830.46
1620.67
1959.28
1293.33
1653.18
1128.36
1452.97
756.61
1644.52
1401.92
1072.42
1295.40
1614.12
1407.81
1602.94
246.54
1747.18
1725.86
1224.02
1243.83
733.06
1480.37
1204.09
1278.94
1263.60
1204.64
1391.59
1335.42
847.88
1523.22
1543.91
1475.78
1388.48
1226.42
1828.48
1785.89
1287.84
1309.11
914.65
1520.56
785.16
842.76
1261.50
959.97
1772.39
1463.43
1049.42
1650.66
1174.33
1946.96
1280.56
958.73
1301.06
815.50
1224.74
1304.86
1274.95
2032.49
995.59
1303.44
1292.68
1532.04
796.88
1482.82
1381.53
1016.29
1784.27
2057.82
1085.27
1380.61
493.42
1598.32
1537.05
1235.63
1177.62
741.74
1866.69
1290.31
1826.83
1249.35
866.23
2020.66
1442.66
1536.46
1258.90
1547.76
1547.72
1321.80
1239.21
1019.75
1387.01
1230.76
1240.34
1282.22
946.03
1369.53
1074.20
1313.84
1377.22
1489.96
1803.87
902.57
1080.36
1885.51
1108.66
1612.55
1340.11
1647.19
1364.42
1197.67
1513.08
1556.60
1526.82
976.77
1160.20
1759.22
1761.19
1645.59
1436.77
1972.14
1584.96
1817.72
1518.15
1441.68
1490.23
1736.72
1522.94
1175.83
1456.75
1317.81
1194.59
644.93
1108.91
2065.77
1178.30
1685.22
1780.56
1068.39
1359.80
923.47
1430.15
2127.95
326.24
1248.86
1253.23
1524.90
1531.08
1248.03
1272.98
690.96
701.18
1339.89
1620.18
1977.78
1753.80
1779.84
1371.78
1598.07
1562.17
1971.15
945.54
1577.97
781.23
868.82
896.02
1305.80
1172.34
1563.65
1269.11
1440.90
1553.69
1657.62
1355.44
1434.67
1555.46
1175.61
1582.80
1772.71
1634.68
915.21
1267.98
1692.11
1130.29
1258.31
982.12
1071.41
1553.49
1634.22
1138.92
739.18
1171.91
1680.22
1327.01
1236.20
1152.62
1793.39
1531.75
1534.69
1657.33
1444.38
1211.58
756.13
1430.66
863.57
852.64
1585.45
1338.94
1316.40
2022.90
1039.11
1337.96
1092.49
1029.90
1317.01
1189.55
1430.36
1586.29
1038.61
1358.42
2017.72
1278.99
1283.55
1836.76
1567.36
2029.99
1264.20
1107.44
1341.87
1666.40
1212.26
1339.85
1622.60
1088.72
558.48
1660.07
1461.28
956.39
1131.01
1386.26
1039.37
1431.65
731.60
1184.23
1347.23
1685.06
1660.81
1607.93
1855.50
1372.80
1299.01
1523.77
1899.42
1715.91
1809.85
1930.52
1608.62
1803.69
1135.65
1500.75
1382.75
1286.45
1715.86
1308.35
1293.75
1566.76
885.31
1719.54
1207.30
1122.76
1125.49
1928.54
1529.34
1421.43
1793.63
1356.35
1476.16
1042.62
1235.87
1168.11
1359.19
1648.38
1127.14
1231.07
1420.56
1047.80
1267.25
1051.33
1561.10
2039.26
714.65
1184.68
796.71
1639.96
484.21
1159.77
1028.20
1384.67
1562.34
1679.31
1816.16
1404.63
1153.20
975.01
1074.05
2010.41
1560.28
1321.17
1268.38
1442.31
1202.54
1874.19
1577.86
985.67
1764.04
2089.40
1830.79
1641.31
1330.07
1027.16
1542.54
1150.50
1389.82
1415.25
1045.11
656.35
1913.17
1471.49
817.63
1342.30
1505.81
1168.16
1481.84
1763.62
1150.14
954.77
1414.34
1684.97
623.36
728.14
569.52
1772.29
1642.94
1578.86
1780.48
1294.35
1786.91
1618.85
1374.51
1589.73
1950.53
1584.17
1311.49
1430.48
761.52
933.08
1444.13
1579.01
1592.75
1565.57
1118.25
1663.70
1639.85
1603.24
2027.57
1617.63
1663.04
1354.86
2042.55
1876.70
1197.65
925.60
724.16
1733.91
961.10
1533.35
1720.61
1356.47
921.76
1344.14
1393.10
1519.40
741.80
1167.91
1802.35
929.77
1641.58
1212.64
1709.10
1354.87
1203.12
944.25
1521.25
1431.64
1488.83
1384.83
1373.65
1636.73
1368.25
1575.11
1342.16
1684.16
1077.63
1804.05
1625.09
1629.77
556.87
817.27
2010.67
914.67
743.98
1388.29
1114.79
1766.17
958.09
1519.40
1637.35
1594.89
1391.44
1947.03
1692.58
1307.34
1426.40
1402.43
1521.95
1179.03
1241.36
1491.11
1286.24
1239.07
1495.34
1711.82
1197.20
1628.43
1859.49
804.29
936.46
1692.10
1243.09
1391.66
1716.40
1539.07
1149.98
980.24
1760.60
1245.95
1030.89
1782.54
1438.26
1780.17
1539.19
1584.47
992.84
1365.38
1800.96
1847.13
1818.33
1062.20
713.11
1118.36
1582.94
902.31
900.83
1748.80
1212.39
1934.57
1282.34
1682.14
1976.22
1544.53
1018.34
1454.78
1662.94
1173.62
947.08
732.41
1153.64
1788.63
1628.55
1033.99
1388.46
1344.11
1547.73
1449.30
1772.21
2077.86
1696.27
1370.01
2021.07
1029.84
1182.93
818.54
1713.43
1415.47
1339.01
1495.41
1600.49
1892.74
1920.73
1658.35
1415.48
1349.46
1320.93
1606.83
1731.84
1949.45
1166.35
889.64
1572.64
1352.34
1002.70
1423.50
1454.50
1882.28
1165.14
1157.01
1304.75
751.04
1466.40
1508.03
1541.08
1279.29
1128.19
1249.69
1381.07
1136.90
615.74
1536.51
885.29
1608.65
1060.73
1755.30
662.62
1789.95
1938.49
1550.24
1549.26
1811.02
1183.70
1748.46
663.75
1120.12
2067.27
1167.90
1300.21
1277.24
1417.69
464.07
1295.45
1485.76
1307.12
2085.59
1917.83
730.22
1376.27
479.97
1427.95
1336.97
1617.10
1286.86
1840.04
1806.78
600.47
418.72
1284.41
1358.11
1297.03
1437.17
1033.70
1638.26
680.75
1954.27
1502.28
919.49
932.68
1128.12
1452.37
1672.73
935.64
1654.25
1482.64
1221.55
876.32
856.58
1381.79
1380.26
1057.53
1266.24
835.11
1670.76
796.34
1134.22
1686.61
1565.13
1924.62
1631.64
1460.79
997.74
1869.81
753.77
1414.65
1221.92
1380.81
1321.74
1235.51
1440.64
1400.54
1375.40
1441.44
1740.48
1978.99
1681.61
868.54
1706.76
1125.99
1522.16
1930.14
1648.93
1694.17
561.59
1223.87
1404.91
1686.24
1479.46
1756.35
1787.75
797.79
1436.11
1513.06
1801.81
1016.50
944.87
867.00
1298.42
2050.23
811.37
1673.68
1468.39
1180.17
442.90
1683.67
949.61
1344.24
673.58
1077.33
1174.25
1264.90
1629.73
1837.98
826.35
1609.08
961.43
689.38
1169.31
1298.18
939.16
1439.52
1697.58
1226.76
1510.82
1245.73
1199.58
1456.14
1434.88
1260.84
1341.03
1004.21
601.62
653.76
1512.58
1298.75
1166.99
1124.13
1384.90
1124.99
841.13
1615.90
816.91
1104.35
1459.51
1574.09
1559.83
963.16
1582.03
1620.90
1632.22
1336.39
1920.06
1468.39
1639.86
2020.43
1024.50
1560.37
1282.46
1663.51
1302.77
1275.04
1612.85
1287.15
1846.76
1877.78
1846.18
1981.74
1604.86
821.39
1559.40
968.02
1354.37
1251.08
1076.88
1702.56
2144.94
1679.63
1843.67
1333.55
882.36
1339.97
1592.25
1563.18
1634.30
639.91
1490.35
920.79
1454.74
1749.04
1433.58
1486.15
1050.66
615.07
1703.75
1269.60
1180.64
1369.83
1367.62
2069.22
1677.69
697.29
1191.06
1664.89
1168.85
1428.28
1409.91
1484.39
1161.64
776.84
523.72
1868.04
1019.45
1757.39
1868.30
1494.55
1459.22
2002.04
898.23
1198.89
1433.97
1188.30
1266.58
875.76
1779.23
1577.62
1297.56
410.87
1311.05
1485.60
1357.37
1215.16
1898.93
1075.09
760.64
1249.64
1214.31
1825.03
1421.87
1059.91
1879.32
1914.06
1667.38
1274.05
1039.91
790.25
1595.34
1551.31
1750.77
287.25
1677.90
1687.27
1772.66
1474.42
1951.99
1076.83
533.94
1767.42
1555.72
1661.19
1497.00
1084.95
1294.62
1290.23
883.33
1771.46
1256.00
1332.70
1402.60
988.73
1090.80
1503.57
2133.51
1347.56
826.56
1277.64
1192.46
1410.00
1492.36
1154.31
1702.83
1301.97
1600.96
1776.38
1552.73
1026.43
1471.70
2022.43
1362.13
1400.55
1626.91
1332.15
561.57
1366.20
1154.32
1492.98
872.92
1294.68
1130.79
1251.26
1471.35
876.22
1276.21
2000.92
968.10
1924.61
1140.69
1264.06
895.54
1585.28
2044.55
1423.47
1424.50
1234.46
1117.10
824.43
1743.87
1208.84
1725.42
1505.61
1551.19
994.81
1405.67
1491.79
1819.87
1193.28
1273.75
1585.29
648.23
1747.59
1890.77
1697.62
1751.31
1642.88
1222.63
1781.55
486.34
1184.40
1128.40
1282.63
789.25
1848.78
1447.82
1227.02
1062.74
1705.73
1085.96
201.29
1127.73
1204.14
1799.11
1990.36
1850.33
1718.71
1886.64
1162.36
1566.86
1170.80
1291.53
1327.31
820.86
834.31
1721.57
1285.20
905.52
1240.89
1563.81
1436.33
1698.31
1773.78
1332.21
1975.47
1730.69
1422.10
1696.72
1368.59
1197.66
938.15
1152.53
717.97
1652.43
1552.06
1544.96
1442.63
1332.91
1194.81
1252.74
813.79
1644.21
1696.24
1498.44
1926.17
1557.81
1290.88
1911.43
947.71
1017.64
1047.13
1647.27
1264.57
1138.69
1101.95
1850.19
1620.04
1564.53
1457.03
889.82
1832.77
792.85
1286.75
1444.66
1191.72
1338.98
1318.92
1251.63
1177.86
1025.12
2052.20
1561.08
988.16
1712.77
1414.29
1585.94
683.46
1713.29
1536.39
602.38
1153.00
769.29
329.42
1243.59
1335.58
1245.22
1443.86
1403.72
1365.43
1547.63
1898.65
580.31
1532.07
1018.31
1421.96
1412.09
1101.18
1246.36
1747.81
1726.96
1422.88
1393.00
1262.46
1202.94
1631.85
1270.92
1342.14
1216.21
1772.60
494.93
997.94
1134.56
1047.33
1748.73
733.17
1204.32
1942.50
1337.78
1290.85
509.81
1231.73
1273.83
679.72
1172.93
877.63
1572.66
1406.52
2077.51
1432.26
1840.35
870.62
1586.95
1704.13
1555.29
1529.59
1944.60
1135.35
672.57
1305.48
1214.42
2140.02
1788.91
1389.43
1058.23
1633.97
673.27
1326.86
864.92
1675.82
1436.30
1304.85
1496.12
1654.25
1961.90
1627.83
271.34
1400.56
1581.64
974.36
1118.68
1447.28
1373.18
1419.48
1059.65
2036.07
1559.28
1514.52
1867.97
1812.60
1473.23
1318.37
1580.21
1425.07
1362.62
685.71
1628.17
1837.12
1354.99
1366.53
1883.48
737.07
469.52
835.16
1831.59
1182.04
